
 log(neg/pos)
&nbsp : -0.543152128765
jolie : -0.445057913442
seagal : -0.440234075004
8mm : -0.409806829031
brenner : -0.401729166245
1900 : -0.395386517425
pokemon : -0.388778484013
bruckheimer : -0.374663700039
silverman : -0.374663700039
tango : -0.367095656458
psychlos : -0.367095656458
psychlo : -0.367095656458
atrocious : -0.367095656458
babysitter : -0.367095656458
supergirl : -0.367095656458
memphis : -0.367095656458
schumacher : -0.366410816515
farrellys : -0.35913786015
bilko : -0.35913786015
tomb : -0.35913786015
