
 log(pos/neg)
shrek : -0.518186851905
mulan : -0.482099873474
flynt : -0.448157569252
gattaca : -0.444566879298
ordell : -0.418534709652
guido : -0.418534709652
leila : -0.413761448078
sweetback : -0.403769335814
taran : -0.398529998965
homer : -0.393112948774
mallory : -0.387504881538
lebowski : -0.382216271275
donkey : -0.375654310929
rounders : -0.369376182229
argento : -0.369376182229
truman's : -0.362835070564
damon : -0.361005831435
giles : -0.356006471485
fei-hong : -0.356006471485
religion : -0.354394681518
